%YAML:1.0
---
camera_matrix: !!opencv-matrix
   rows: 3
   cols: 3
   dt: d
   data: [ 1.3472428739024349e+03, 0., 2.9999182999127143e+01, 0.,
       1.2498466484676833e+03, -2.0714854154665073e+01, 0., 0., 1. ]
distortion_coefficients: !!opencv-matrix
   rows: 5
   cols: 1
   dt: d
   data: [ 7.9056889773908817e-02, 1.1367256684295313e+00,
       -2.7771599842670761e-02, -1.0240220205594087e-01,
       -2.1736758466140356e+00 ]
