%YAML:1.0
---
camera_matrix: !!opencv-matrix
   rows: 3
   cols: 3
   dt: d
   data: [ 4.9618688612462324e+02, 0., 2.6220008204023731e+02, 0.,
       6.3149625389102573e+02, 7.3907237236495305e+01, 0., 0., 1. ]
distortion_coefficients: !!opencv-matrix
   rows: 5
   cols: 1
   dt: d
   data: [ 2.0358599377142657e-03, -1.0346772680047694e-01,
       -3.0492679472028369e-02, -2.9368567825802303e-02,
       1.8307664380115407e-01 ]
